# KIC      Mass    Mass_e+ Radius  Radius_e+ Age         Age_e+     MH_0     MH_0_e+ Y       Y_e+   
  1435467  1.44474 0.02398 1.73977 0.01067   2335.90608  142.33962  0.25332  0.06154 0.26743 0.01678
  2837475  1.52077 0.02512 1.67161 0.01126   1288.82825  121.46212  0.25425  0.07084 0.26937 0.01867
  3427720  1.17003 0.0141  1.1387  0.00484   2187.82197  216.25874  0.11105  0.04459 0.24898 0.00772
  3456181  1.56762 0.02974 2.18422 0.0157    2145.39428  84.71073   0.1219   0.05907 0.255   0.01257
  3632418  1.47159 0.01303 1.94505 0.00583   2927.16645  120.81967  0.21264  0.03822 0.25315 0.00988
  3656476  1.03468 0.00944 1.29621 0.00413   8380.4896   322.86214  0.35678  0.02939 0.30634 0.00869
  3735871  1.18925 0.02089 1.12683 0.00684   1398.59954  348.09636  0.11831  0.05052 0.24933 0.00827
  4914923  1.13515 0.01174 1.38481 0.00459   6626.27276  333.76844  0.20557  0.04947 0.26237 0.01182
  5184732  1.23643 0.00924 1.35207 0.00328   4318.95957  215.07967  0.46893  0.02095 0.28159 0.00635
  5773345  1.54468 0.02764 2.04281 0.01323   2203.55527  116.19147  0.41156  0.0556  0.29132 0.0173 
  5950854  0.98608 0.01727 1.24543 0.00752   9039.70158  601.76624  -0.03295 0.05695 0.26114 0.01602
  6106415  1.15848 0.00694 1.24974 0.00229   4451.35796  210.85952  0.10977  0.02471 0.24651 0.00518
  6116048  1.10901 0.00861 1.26091 0.00299   5910.94003  298.86766  0.064    0.03155 0.24756 0.00623
  6225718  1.30297 0.00786 1.28858 0.0023    1949.7657   177.87651  0.25105  0.02502 0.2436  0.00342
  6508366  1.59991 0.02145 2.21898 0.01214   2089.61839  88.51189   0.21229  0.05968 0.26192 0.01499
  6603624  0.99319 0.00678 1.14232 0.0027    8761.22342  187.83935  0.3009   0.02655 0.29568 0.00741
  6679371  1.68368 0.02399 2.28138 0.0126    1724.08148  78.78636   0.26323  0.0624  0.26455 0.0165 
  6933899  1.19039 0.00466 1.61664 0.00233   6552.82842  106.56595  0.1576   0.01146 0.24869 0.00322
  7103006  1.61865 0.02312 2.02534 0.01024   2078.23541  98.90225   0.35761  0.0458  0.2568  0.01249
  7206837  1.46895 0.02545 1.62239 0.01013   2033.65529  166.53349  0.34528  0.05588 0.25832 0.01376
  7296438  1.14824 0.01623 1.39035 0.00682   6861.33287  373.4708   0.30027  0.0466  0.26741 0.01313
  7510397  1.4153  0.01286 1.88551 0.00638   3050.30244  104.25866  0.10062  0.04057 0.24976 0.00827
  7680114  1.10834 0.01239 1.41125 0.00517   7228.70734  350.82067  0.18695  0.05371 0.26732 0.01347
  7771282  1.36395 0.04664 1.67804 0.02023   2944.72425  249.28398  0.18918  0.06718 0.26597 0.02002
  7871531  0.82165 0.01508 0.86638 0.00535   9311.91613  517.30388  -0.05625 0.04253 0.28764 0.01447
  7970740  0.78199 0.0058  0.77942 0.00194   10193.8658  526.0374   -0.2645  0.02782 0.24372 0.00339
  8006161  0.92008 0.0065  0.90698 0.00216   5124.96552  231.61382  0.3506   0.03788 0.31806 0.00859
  8150065  1.25646 0.04522 1.42244 0.01809   3254.21285  405.64184  0.19239  0.07961 0.26861 0.02174
  8179536  1.37341 0.02131 1.39989 0.00794   1578.68755  201.35449  0.22873  0.05236 0.25042 0.00885
  8228742  1.39994 0.01082 1.88701 0.00486   3541.93204  175.85918  0.14297  0.03505 0.24772 0.00673
  8379927  1.23753 0.009   1.16267 0.00255   1437.71091  219.35406  0.25955  0.03228 0.24656 0.00565
  8394589  1.16546 0.01239 1.21224 0.00424   3415.45849  289.50075  0.05762  0.03871 0.24555 0.00521
  8424992  0.89002 0.02104 1.03472 0.00843   9490.14119  568.59519  0.04168  0.06835 0.29557 0.02104
  8938364  1.01384 0.00595 1.36106 0.00306   9292.06084  151.32596  -0.08698 0.02277 0.24447 0.00374
  9025370  0.97044 0.01785 1.00001 0.00615   4665.37592  336.70397  0.16722  0.08721 0.30381 0.02001
  9098294  1.00578 0.01143 1.15634 0.00429   7940.80182  435.68091  -0.0018  0.04727 0.25332 0.01091
  9139151  1.22128 0.01419 1.17194 0.00471   1515.63616  227.11335  0.13912  0.04239 0.24762 0.00683
  9139163  1.53439 0.01326 1.61743 0.00548   1546.95098  92.11926   0.39505  0.03929 0.25012 0.0079 
  9206432  1.58953 0.02382 1.577   0.0092    704.5997    100.32498  0.38627  0.04663 0.25129 0.00958
  9353712  1.49492 0.04025 2.16906 0.02106   2234.28795  100.37771  0.18014  0.05526 0.28748 0.0215 
  9410862  1.02303 0.02121 1.17494 0.00837   6291.44464  549.92469  -0.09654 0.05659 0.25601 0.01328
  9414417  1.50152 0.01856 1.96699 0.00917   2570.62385  103.20885  0.18365  0.04709 0.25134 0.00957
  9812850  1.45079 0.02668 1.84787 0.01232   2506.68684  146.9469   0.19059  0.06309 0.2637  0.0166 
  9955598  0.87011 0.0151  0.87553 0.00517   6948.86594  403.87901  0.10682  0.06518 0.29157 0.01751
  9965715  1.23813 0.01305 1.33276 0.00485   2640.24173  182.24006  -0.03371 0.02756 0.24233 0.00229
  10068307 1.4624  0.01123 2.09998 0.006     3040.9062   85.69785   0.13768  0.03994 0.25472 0.00924
  10079226 1.17215 0.03976 1.16399 0.01344   2563.33085  577.59892  0.24514  0.06479 0.26821 0.02035
  10162436 1.50924 0.01538 2.0762  0.00764   2788.99852  114.27017  0.19481  0.0409  0.252   0.00965
  10454113 1.33786 0.01326 1.30316 0.00431   1334.83001  206.22013  0.2643   0.04018 0.2474  0.00655
  10516096 1.13916 0.01029 1.43272 0.00418   6322.32884  308.16913  0.10373  0.04483 0.25462 0.0097 
  10644253 1.23368 0.01716 1.14224 0.0056    857.90481   257.34507  0.2204   0.04703 0.2494  0.00822
  10730618 1.41506 0.04044 1.80327 0.0193    2383.80765  201.4878   0.26575  0.10849 0.29047 0.02574
  10963065 1.15645 0.00946 1.25799 0.00328   4223.15509  267.18145  0.06192  0.0377  0.24772 0.0066 
  11081729 1.48955 0.02279 1.48552 0.00872   897.21098   153.99014  0.29053  0.05356 0.25081 0.0095 
  11253226 1.52395 0.02522 1.65657 0.01011   1272.95938  107.78097  0.2295   0.06289 0.26162 0.01593
  11772920 0.80276 0.0189  0.83649 0.00674   9309.70221  686.8304   0.11562  0.08131 0.31184 0.0202 
  12009504 1.30811 0.012   1.45505 0.00451   3409.05284  219.50118  0.21159  0.03193 0.24514 0.00463
  12069127 1.60257 0.04559 2.30744 0.02411   1940.83635  110.69518  0.2604   0.07715 0.28387 0.02399
  12069424 1.04408 0.00744 1.21285 0.00278   7092.15843  256.5731   0.19511  0.03786 0.28021 0.00966
  12069449 0.9984  0.00703 1.09938 0.00253   7002.40909  208.43243  0.18018  0.0375  0.28364 0.00895
  12258514 1.3029  0.00935 1.62509 0.00326   4714.19658  210.61893  0.20245  0.02299 0.24476 0.00446
  12317678 1.47707 0.01834 1.87469 0.00889   1995.39446  116.96574  0.09017  0.07506 0.26436 0.01775
  Sun      0.99791 0.00724 0.99754 0.00215   4690.01252  220.13824  -0.0076  0.05053 0.25644 0.01068
  3425851  1.33074 0.05073 1.40775 0.01809   1896.76113  357.68989  0.18415  0.07363 0.26222 0.01914
  3544595  0.90372 0.02193 0.91613 0.00766   6636.73301  548.10211  -0.06723 0.06195 0.26485 0.01825
  4141376  1.02334 0.0429  1.03933 0.01488   3448.65982  928.91871  -0.12387 0.07615 0.2647  0.02117
  4349452  1.24758 0.04952 1.328   0.01816   2345.34285  382.83015  0.15494  0.06966 0.26984 0.02258
  4914423  1.16779 0.03544 1.47669 0.0154    6584.63792  719.06757  0.20728  0.05652 0.25792 0.01692
  5094751  1.10052 0.04355 1.35174 0.01821   5961.70129  650.76437  0.12271  0.06348 0.27569 0.02541
  5866724  1.293   0.05229 1.43136 0.01938   2860.40665  346.2576   0.26009  0.0564  0.2702  0.02303
  6196457  1.32208 0.04838 1.76232 0.02257   4204.45599  408.05404  0.28875  0.06833 0.2772  0.02562
  6278762  0.75197 0.01711 0.75135 0.00581   11793.53218 1456.72956 -0.13778 0.05488 0.25408 0.01283
  6521045  1.09804 0.02211 1.50444 0.01053   6681.56564  386.98904  0.17745  0.04599 0.28729 0.01546
  7670943  1.28595 0.05791 1.43502 0.02253   2348.48037  325.24416  0.169    0.08027 0.27834 0.02579
  8077137  1.26161 0.03993 1.6915  0.01909   3857.23987  331.80386  0.04793  0.05124 0.26939 0.02179
  8292840  1.22154 0.03006 1.36849 0.01192   3067.97783  345.66109  -0.01908 0.05628 0.25165 0.01076
  8349582  1.04022 0.0254  1.40248 0.01205   8525.32363  654.26946  0.3554   0.04913 0.31168 0.01512
  8478994  0.85375 0.01609 0.78568 0.00503   3505.352    1013.57284 -0.14073 0.0407  0.24528 0.0051 
  8494142  1.18111 0.07189 1.78222 0.03353   4223.77464  438.30527  0.22452  0.05575 0.32398 0.02009
  8554498  1.24903 0.03885 1.81793 0.01783   5298.0576   412.96384  0.26944  0.03931 0.27629 0.01674
  8866102  1.32231 0.03733 1.38975 0.01365   1892.35075  234.10596  0.2084   0.0611  0.2646  0.01879
  9592705  1.54848 0.05728 2.14047 0.02692   2250.73784  133.17575  0.37612  0.06032 0.29251 0.0256 
  10514430 1.046   0.01266 1.57829 0.00707   8411.84054  316.59111  -0.06012 0.04387 0.25564 0.00735
  10586004 1.26604 0.02963 1.68902 0.0153    6388.54743  924.47365  0.3482   0.05258 0.2573  0.01687
  10666592 1.58194 0.06334 2.01518 0.02821   1864.65475  97.91893   0.37132  0.05614 0.28376 0.02658
  11133306 1.11673 0.05442 1.20682 0.0198    4551.53275  987.6181   0.13012  0.07411 0.26471 0.02009
  11295426 0.90622 0.03287 1.13033 0.01984   8079.85455  828.54707  0.14044  0.04307 0.33244 0.01054
  11401755 1.07184 0.01676 1.63423 0.00903   7229.19304  378.67022  -0.10091 0.02765 0.2571  0.01107
  11807274 1.27557 0.05329 1.59425 0.02264   3309.70582  253.79708  0.13199  0.05797 0.27824 0.02596
  11853905 1.18385 0.02967 1.58033 0.01329   6923.66495  655.11921  0.19087  0.04824 0.25002 0.00981
  11904151 0.91178 0.02769 1.06257 0.01101   10275.5948  751.17008  0.05341  0.06814 0.27956 0.02265
